50 99 52 78 76 6 76 28 105 101 101 81 83 167 82 145 61 168 62 146 
50 99 52 78 76 6 76 28 105 101 101 81 83 167 82 145 61 168 62 146 
50 99 52 78 76 6 76 28 105 101 101 81 83 167 82 145 61 168 62 146 
49 96 49 72 74 10 76 28 106 101 102 80 83 171 84 150 57 173 58 151 
49 96 49 72 74 10 76 28 106 101 102 80 83 171 84 150 57 173 58 151 
49 96 49 72 74 10 76 28 106 101 102 80 83 171 84 150 57 173 58 151 
49 98 51 76 74 8 73 28 106 98 101 81 82 169 82 150 57 170 60 151 
49 98 51 76 74 8 73 28 106 98 101 81 82 169 82 150 57 170 60 151 
49 98 51 76 74 8 73 28 106 98 101 81 82 169 82 150 57 170 60 151 
49 100 51 75 75 7 72 29 106 103 101 84 82 174 80 154 57 169 57 148 
49 100 51 75 75 7 72 29 106 103 101 84 82 174 80 154 57 169 57 148 
49 100 51 75 75 7 72 29 106 103 101 84 82 174 80 154 57 169 57 148 
49 100 49 76 77 8 75 30 104 103 102 80 84 172 83 151 59 173 59 150 
49 100 49 76 77 8 75 30 104 103 102 80 84 172 83 151 59 173 59 150 
49 100 49 76 77 8 75 30 104 103 102 80 84 172 83 151 59 173 59 150 
46 94 51 67 78 8 75 32 104 99 103 79 84 168 83 147 58 169 62 147 
46 94 51 67 78 8 75 32 104 99 103 79 84 168 83 147 58 169 62 147 
46 94 51 67 78 8 75 32 104 99 103 79 84 168 83 147 58 169 62 147 
53 95 52 72 75 8 74 30 97 96 103 77 82 168 81 149 60 168 62 151 
53 95 52 72 75 8 74 30 97 96 103 77 82 168 81 149 60 168 62 151 
53 95 52 72 75 8 74 30 97 96 103 77 82 168 81 149 60 168 62 151 
58 91 53 77 76 7 75 34 93 98 98 77 85 171 84 154 60 170 59 150 
58 91 53 77 76 7 75 34 93 98 98 77 85 171 84 154 60 170 59 150 
58 91 53 77 76 7 75 34 93 98 98 77 85 171 84 154 60 170 59 150 
58 81 52 67 76 5 78 28 93 87 100 73 85 172 84 154 59 171 59 153 
58 81 52 67 76 5 78 28 93 87 100 73 85 172 84 154 59 171 59 153 
58 81 52 67 76 5 78 28 93 87 100 73 85 172 84 154 59 171 59 153 
58 86 53 73 76 6 77 30 93 81 99 69 86 172 86 150 58 168 60 149 
58 86 53 73 76 6 77 30 93 81 99 69 86 172 86 150 58 168 60 149 
58 86 53 73 76 6 77 30 93 81 99 69 86 172 86 150 58 168 60 149 
57 88 51 72 76 5 77 25 94 83 94 83 85 172 84 149 58 170 58 151 
57 88 51 72 76 5 77 25 94 83 94 83 85 172 84 149 58 170 58 151 
57 88 51 72 76 5 77 25 94 83 94 83 85 172 84 149 58 170 58 151 
48 98 52 74 77 5 78 26 104 99 104 76 83 171 83 148 60 171 60 145 
48 98 52 74 77 5 78 26 104 99 104 76 83 171 83 148 60 171 60 145 
48 98 52 74 77 5 78 26 104 99 104 76 83 171 83 148 60 171 60 145 
49 96 52 82 77 6 77 26 104 97 104 78 81 167 84 144 58 170 60 147 
49 96 52 82 77 6 77 26 104 97 104 78 81 167 84 144 58 170 60 147 
49 96 52 82 77 6 77 26 104 97 104 78 81 167 84 144 58 170 60 147 
50 93 52 75 77 2 77 23 102 94 105 76 81 169 84 152 60 170 61 148 
50 93 52 75 77 2 77 23 102 94 105 76 81 169 84 152 60 170 61 148 
50 93 52 75 77 2 77 23 102 94 105 76 81 169 84 152 60 170 61 148 
52 89 53 62 80 8 75 26 102 91 105 65 83 167 84 147 62 167 63 138 
52 89 53 62 80 8 75 26 102 91 105 65 83 167 84 147 62 167 63 138 
52 89 53 62 80 8 75 26 102 91 105 65 83 167 84 147 62 167 63 138 
51 80 50 58 77 7 75 29 94 83 104 65 84 169 81 146 56 169 58 149 
51 80 50 58 77 7 75 29 94 83 104 65 84 169 81 146 56 169 58 149 
51 80 50 58 77 7 75 29 94 83 104 65 84 169 81 146 56 169 58 149 
56 76 50 55 77 8 76 24 97 73 112 54 83 168 83 148 59 172 60 146 
56 76 50 55 77 8 76 24 97 73 112 54 83 168 83 148 59 172 60 146 
56 76 50 55 77 8 76 24 97 73 112 54 83 168 83 148 59 172 60 146 
58 70 48 54 75 4 75 24 95 70 112 54 82 168 85 142 59 165 62 139 
58 70 48 54 75 4 75 24 95 70 112 54 82 168 85 142 59 165 62 139 
58 70 48 54 75 4 75 24 95 70 112 54 82 168 85 142 59 165 62 139 
59 70 49 57 75 9 77 27 97 74 112 53 81 168 81 145 58 167 60 145 
59 70 49 57 75 9 77 27 97 74 112 53 81 168 81 145 58 167 60 145 
59 70 49 57 75 9 77 27 97 74 112 53 81 168 81 145 58 167 60 145 
59 74 49 56 78 11 77 28 97 72 111 55 84 170 83 148 57 170 60 145 
59 74 49 56 78 11 77 28 97 72 111 55 84 170 83 148 57 170 60 145 
59 74 49 56 78 11 77 28 97 72 111 55 84 170 83 148 57 170 60 145 
61 73 49 55 75 9 74 25 94 71 110 54 83 169 84 150 60 169 60 144 
61 73 49 55 75 9 74 25 94 71 110 54 83 169 84 150 60 169 60 144 
61 73 49 55 75 9 74 25 94 71 110 54 83 169 84 150 60 169 60 144 
60 73 48 58 80 8 78 28 97 71 111 55 84 168 82 148 60 170 60 151 
60 73 48 58 80 8 78 28 97 71 111 55 84 168 82 148 60 170 60 151 
60 73 48 58 80 8 78 28 97 71 111 55 84 168 82 148 60 170 60 151 
59 74 49 60 76 11 76 31 97 71 111 57 84 166 83 140 58 165 60 140 
59 74 49 60 76 11 76 31 97 71 111 57 84 166 83 140 58 165 60 140 
59 74 49 60 76 11 76 31 97 71 111 57 84 166 83 140 58 165 60 140 
51 103 56 75 85 6 83 27 114 100 110 78 86 167 87 146 61 167 64 144 
51 103 56 75 85 6 83 27 114 100 110 78 86 167 87 146 61 167 64 144 
51 103 56 75 85 6 83 27 114 100 110 78 86 167 87 146 61 167 64 144 
54 99 54 71 86 6 82 33 115 100 111 76 86 166 87 141 61 165 64 139 
54 99 54 71 86 6 82 33 115 100 111 76 86 166 87 141 61 165 64 139 
54 99 54 71 86 6 82 33 115 100 111 76 86 166 87 141 61 165 64 139 
53 101 57 78 84 8 85 27 114 96 114 74 85 167 88 146 62 165 63 145 
53 101 57 78 84 8 85 27 114 96 114 74 85 167 88 146 62 165 63 145 
53 101 57 78 84 8 85 27 114 96 114 74 85 167 88 146 62 165 63 145 
54 97 58 77 86 7 85 27 113 97 112 77 86 164 89 142 59 166 64 144 
54 97 58 77 86 7 85 27 113 97 112 77 86 164 89 142 59 166 64 144 
54 97 58 77 86 7 85 27 113 97 112 77 86 164 89 142 59 166 64 144 
55 97 55 79 84 10 83 27 110 99 112 79 84 166 89 143 61 167 63 139 
55 97 55 79 84 10 83 27 110 99 112 79 84 166 89 143 61 167 63 139 
55 97 55 79 84 10 83 27 110 99 112 79 84 166 89 143 61 167 63 139 
62 92 57 59 81 9 84 28 105 91 112 67 89 167 90 141 60 165 60 136 
62 92 57 59 81 9 84 28 105 91 112 67 89 167 90 141 60 165 60 136 
62 92 57 59 81 9 84 28 105 91 112 67 89 167 90 141 60 165 60 136 
56 66 56 66 80 12 82 32 103 83 109 65 88 168 90 142 60 167 66 140 
56 66 56 66 80 12 82 32 103 83 109 65 88 168 90 142 60 167 66 140 
56 66 56 66 80 12 82 32 103 83 109 65 88 168 90 142 60 167 66 140 
65 67 65 67 86 9 82 27 100 76 109 62 85 164 87 147 61 166 61 148 
65 67 65 67 86 9 82 27 100 76 109 62 85 164 87 147 61 166 61 148 
65 67 65 67 86 9 82 27 100 76 109 62 85 164 87 147 61 166 61 148 
63 63 63 63 85 8 84 29 101 66 101 66 86 167 89 146 61 168 62 145 
63 63 63 63 85 8 84 29 101 66 101 66 86 167 89 146 61 168 62 145 
63 63 63 63 85 8 84 29 101 66 101 66 86 167 89 146 61 168 62 145 
67 67 67 67 85 5 79 30 101 72 101 72 84 168 86 146 58 170 63 146 
67 67 67 67 85 5 79 30 101 72 101 72 84 168 86 146 58 170 63 146 
67 67 67 67 85 5 79 30 101 72 101 72 84 168 86 146 58 170 63 146 
69 60 69 60 85 6 78 31 101 66 101 66 89 165 88 138 61 167 65 142 
69 60 69 60 85 6 78 31 101 66 101 66 89 165 88 138 61 167 65 142 
69 60 69 60 85 6 78 31 101 66 101 66 89 165 88 138 61 167 65 142 
61 68 61 68 84 13 83 30 103 68 103 68 86 165 87 144 61 165 63 143 
61 68 61 68 84 13 83 30 103 68 103 68 86 165 87 144 61 165 63 143 
61 68 61 68 84 13 83 30 103 68 103 68 86 165 87 144 61 165 63 143 
50 96 55 74 81 9 81 25 109 95 106 70 83 160 84 138 60 161 62 135 
50 96 55 74 81 9 81 25 109 95 106 70 83 160 84 138 60 161 62 135 
50 96 55 74 81 9 81 25 109 95 106 70 83 160 84 138 60 161 62 135 
49 97 55 72 83 5 82 28 111 99 107 71 84 165 86 140 59 167 65 140 
49 97 55 72 83 5 82 28 111 99 107 71 84 165 86 140 59 167 65 140 
49 97 55 72 83 5 82 28 111 99 107 71 84 165 86 140 59 167 65 140 
48 97 55 75 83 9 80 28 107 99 106 71 83 161 85 139 56 165 61 140 
48 97 55 75 83 9 80 28 107 99 106 71 83 161 85 139 56 165 61 140 
48 97 55 75 83 9 80 28 107 99 106 71 83 161 85 139 56 165 61 140 
52 95 54 69 82 4 80 27 107 98 109 75 83 162 85 141 61 163 63 138 
52 95 54 69 82 4 80 27 107 98 109 75 83 162 85 141 61 163 63 138 
52 95 54 69 82 4 80 27 107 98 109 75 83 162 85 141 61 163 63 138 
57 90 55 71 82 7 80 29 103 93 107 72 85 163 85 140 61 160 63 136 
57 90 55 71 82 7 80 29 103 93 107 72 85 163 85 140 61 160 63 136 
57 90 55 71 82 7 80 29 103 93 107 72 85 163 85 140 61 160 63 136 
57 83 54 67 83 9 81 30 99 89 108 67 85 164 87 141 57 168 64 139 
57 83 54 67 83 9 81 30 99 89 108 67 85 164 87 141 57 168 64 139 
57 83 54 67 83 9 81 30 99 89 108 67 85 164 87 141 57 168 64 139 
57 81 53 62 84 10 85 31 99 83 109 61 83 164 85 145 60 166 64 143 
57 81 53 62 84 10 85 31 99 83 109 61 83 164 85 145 60 166 64 143 
57 81 53 62 84 10 85 31 99 83 109 61 83 164 85 145 60 166 64 143 
60 81 51 56 81 4 83 25 95 87 109 63 84 161 84 140 62 163 62 141 
60 81 51 56 81 4 83 25 95 87 109 63 84 161 84 140 62 163 62 141 
60 81 51 56 81 4 83 25 95 87 109 63 84 161 84 140 62 163 62 141 
61 78 55 63 81 7 81 32 97 84 109 66 80 167 85 143 59 163 62 143 
61 78 55 63 81 7 81 32 97 84 109 66 80 167 85 143 59 163 62 143 
61 78 55 63 81 7 81 32 97 84 109 66 80 167 85 143 59 163 62 143 
60 79 55 65 83 8 82 27 97 81 108 63 84 166 85 146 59 166 62 146 
60 79 55 65 83 8 82 27 97 81 108 63 84 166 85 146 59 166 62 146 
60 79 55 65 83 8 82 27 97 81 108 63 84 166 85 146 59 166 62 146 
62 86 56 65 81 8 81 29 92 84 105 68 83 164 84 144 59 167 63 145 
62 86 56 65 81 8 81 29 92 84 105 68 83 164 84 144 59 167 63 145 
62 86 56 65 81 8 81 29 92 84 105 68 83 164 84 144 59 167 63 145 
62 82 56 67 79 9 81 29 93 88 104 66 83 167 89 147 60 169 62 144 
62 82 56 67 79 9 81 29 93 88 104 66 83 167 89 147 60 169 62 144 
62 82 56 67 79 9 81 29 93 88 104 66 83 167 89 147 60 169 62 144 
65 88 60 68 80 6 80 33 92 83 102 62 82 169 84 153 59 167 62 148 
65 88 60 68 80 6 80 33 92 83 102 62 82 169 84 153 59 167 62 148 
65 88 60 68 80 6 80 33 92 83 102 62 82 169 84 153 59 167 62 148 
62 85 59 64 79 30 81 5 92 83 103 65 85 168 85 149 59 168 60 147 
62 85 59 64 79 30 81 5 92 83 103 65 85 168 85 149 59 168 60 147 
62 85 59 64 79 30 81 5 92 83 103 65 85 168 85 149 59 168 60 147 
66 83 59 61 82 6 80 30 93 81 98 65 85 165 85 151 61 167 62 149 
66 83 59 61 82 6 80 30 93 81 98 65 85 165 85 151 61 167 62 149 
66 83 59 61 82 6 80 30 93 81 98 65 85 165 85 151 61 167 62 149 
60 75 60 75 81 10 82 28 101 68 91 86 83 167 86 152 60 166 61 151 
60 75 60 75 81 10 82 28 101 68 91 86 83 167 86 152 60 166 61 151 
60 75 60 75 81 10 82 28 101 68 91 86 83 167 86 152 60 166 61 151 
57 97 60 77 84 11 84 28 110 99 109 80 93 165 95 143 63 167 62 144 
57 97 60 77 84 11 84 28 110 99 109 80 93 165 95 143 63 167 62 144 
57 97 60 77 84 11 84 28 110 99 109 80 93 165 95 143 63 167 62 144 
54 100 59 77 85 7 83 32 110 104 110 78 89 168 89 149 60 173 61 153 
54 100 59 77 85 7 83 32 110 104 110 78 89 168 89 149 60 173 61 153 
54 100 59 77 85 7 83 32 110 104 110 78 89 168 89 149 60 173 61 153 
59 102 59 73 84 5 86 27 112 100 108 81 91 166 90 148 61 168 63 149 
59 102 59 73 84 5 86 27 112 100 108 81 91 166 90 148 61 168 63 149 
59 102 59 73 84 5 86 27 112 100 108 81 91 166 90 148 61 168 63 149 
53 91 62 67 85 11 85 28 112 95 110 78 89 163 89 145 61 168 63 150 
53 91 62 67 85 11 85 28 112 95 110 78 89 163 89 145 61 168 63 150 
53 91 62 67 85 11 85 28 112 95 110 78 89 163 89 145 61 168 63 150 
48 79 59 68 84 7 87 31 118 85 110 64 88 165 91 146 59 167 63 146 
48 79 59 68 84 7 87 31 118 85 110 64 88 165 91 146 59 167 63 146 
48 79 59 68 84 7 87 31 118 85 110 64 88 165 91 146 59 167 63 146 
48 52 60 64 82 7 83 28 123 61 111 61 89 169 91 149 64 168 63 147 
48 52 60 64 82 7 83 28 123 61 111 61 89 169 91 149 64 168 63 147 
48 52 60 64 82 7 83 28 123 61 111 61 89 169 91 149 64 168 63 147 
50 34 50 60 83 8 84 28 119 34 115 61 91 168 91 147 59 168 64 144 
50 34 50 60 83 8 84 28 119 34 115 61 91 168 91 147 59 168 64 144 
50 34 50 60 83 8 84 28 119 34 115 61 91 168 91 147 59 168 64 144 
56 22 51 50 86 13 85 32 110 25 116 53 93 165 90 144 61 161 63 139 
56 22 51 50 86 13 85 32 110 25 116 53 93 165 90 144 61 161 63 139 
56 22 51 50 86 13 85 32 110 25 116 53 93 165 90 144 61 161 63 139 
65 20 50 41 86 14 86 33 102 14 118 47 90 166 90 143 58 166 66 141 
65 20 50 41 86 14 86 33 102 14 118 47 90 166 90 143 58 166 66 141 
65 20 50 41 86 14 86 33 102 14 118 47 90 166 90 143 58 166 66 141 
71 19 50 35 85 11 84 41 96 18 119 40 88 163 93 140 63 165 62 144 
71 19 50 35 85 11 84 41 96 18 119 40 88 163 93 140 63 165 62 144 
71 19 50 35 85 11 84 41 96 18 119 40 88 163 93 140 63 165 62 144 
73 21 51 28 84 17 83 38 95 19 117 30 90 167 91 148 61 165 64 148 
73 21 51 28 84 17 83 38 95 19 117 30 90 167 91 148 61 165 64 148 
73 21 51 28 84 17 83 38 95 19 117 30 90 167 91 148 61 165 64 148 
71 22 54 27 81 19 79 39 90 18 112 27 89 165 94 144 63 167 66 142 
71 22 54 27 81 19 79 39 90 18 112 27 89 165 94 144 63 167 66 142 
71 22 54 27 81 19 79 39 90 18 112 27 89 165 94 144 63 167 66 142 
71 25 52 25 85 17 86 36 97 19 119 24 90 169 94 145 63 168 65 144 
71 25 52 25 85 17 86 36 97 19 119 24 90 169 94 145 63 168 65 144 
71 25 52 25 85 17 86 36 97 19 119 24 90 169 94 145 63 168 65 144 
73 22 54 25 86 13 85 34 97 18 121 27 94 168 93 139 60 170 64 142 
73 22 54 25 86 13 85 34 97 18 121 27 94 168 93 139 60 170 64 142 
73 22 54 25 86 13 85 34 97 18 121 27 94 168 93 139 60 170 64 142 
73 23 50 22 85 14 83 31 94 19 117 24 91 163 96 140 64 163 67 140 
73 23 50 22 85 14 83 31 94 19 117 24 91 163 96 140 64 163 67 140 
73 23 50 22 85 14 83 31 94 19 117 24 91 163 96 140 64 163 67 140 
54 100 60 71 81 10 83 35 106 104 106 77 83 161 84 142 62 164 62 140 
54 100 60 71 81 10 83 35 106 104 106 77 83 161 84 142 62 164 62 140 
54 100 60 71 81 10 83 35 106 104 106 77 83 161 84 142 62 164 62 140 
53 97 58 74 81 13 83 35 106 97 105 76 84 160 84 137 60 166 66 137 
53 97 58 74 81 13 83 35 106 97 105 76 84 160 84 137 60 166 66 137 
53 97 58 74 81 13 83 35 106 97 105 76 84 160 84 137 60 166 66 137 
50 100 59 76 82 12 82 28 109 97 104 75 84 162 86 140 59 166 62 143 
50 100 59 76 82 12 82 28 109 97 104 75 84 162 86 140 59 166 62 143 
50 100 59 76 82 12 82 28 109 97 104 75 84 162 86 140 59 166 62 143 
55 100 55 80 80 15 80 34 108 93 107 69 86 163 87 138 58 166 65 143 
55 100 55 80 80 15 80 34 108 93 107 69 86 163 87 138 58 166 65 143 
55 100 55 80 80 15 80 34 108 93 107 69 86 163 87 138 58 166 65 143 
53 99 59 76 80 8 80 29 113 79 108 65 83 161 84 140 57 163 63 141 
53 99 59 76 80 8 80 29 113 79 108 65 83 161 84 140 57 163 63 141 
53 99 59 76 80 8 80 29 113 79 108 65 83 161 84 140 57 163 63 141 
51 101 56 74 80 16 80 32 109 64 100 54 85 160 90 136 57 163 62 141 
51 101 56 74 80 16 80 32 109 64 100 54 85 160 90 136 57 163 62 141 
51 101 56 74 80 16 80 32 109 64 100 54 85 160 90 136 57 163 62 141 
50 98 56 74 81 13 80 29 101 34 107 60 84 163 85 141 57 169 66 146 
50 98 56 74 81 13 80 29 101 34 107 60 84 163 85 141 57 169 66 146 
50 98 56 74 81 13 80 29 101 34 107 60 84 163 85 141 57 169 66 146 
81 11 79 27 53 105 59 75 97 24 107 50 83 161 85 138 59 163 62 142 
81 11 79 27 53 105 59 75 97 24 107 50 83 161 85 138 59 163 62 142 
81 11 79 27 53 105 59 75 97 24 107 50 83 161 85 138 59 163 62 142 
53 97 59 77 84 14 85 30 97 20 108 45 81 162 84 142 61 161 66 141 
53 97 59 77 84 14 85 30 97 20 108 45 81 162 84 142 61 161 66 141 
53 97 59 77 84 14 85 30 97 20 108 45 81 162 84 142 61 161 66 141 
55 97 62 74 81 18 82 30 93 20 106 40 84 166 86 142 58 166 62 144 
55 97 62 74 81 18 82 30 93 20 106 40 84 166 86 142 58 166 62 144 
55 97 62 74 81 18 82 30 93 20 106 40 84 166 86 142 58 166 62 144 
54 97 59 74 84 14 81 36 93 19 107 39 83 165 85 135 61 164 64 139 
54 97 59 74 84 14 81 36 93 19 107 39 83 165 85 135 61 164 64 139 
54 97 59 74 84 14 81 36 93 19 107 39 83 165 85 135 61 164 64 139 
55 95 60 71 83 15 81 34 89 20 107 46 83 161 86 138 61 163 61 139 
55 95 60 71 83 15 81 34 89 20 107 46 83 161 86 138 61 163 61 139 
55 95 60 71 83 15 81 34 89 20 107 46 83 161 86 138 61 163 61 139 
51 99 54 70 81 14 81 31 90 17 106 42 86 162 87 132 60 162 64 133 
51 99 54 70 81 14 81 31 90 17 106 42 86 162 87 132 60 162 64 133 
51 99 54 70 81 14 81 31 90 17 106 42 86 162 87 132 60 162 64 133 
53 97 62 70 84 12 82 27 93 18 108 43 81 162 85 137 61 162 63 136 
53 97 62 70 84 12 82 27 93 18 108 43 81 162 85 137 61 162 63 136 
53 97 62 70 84 12 82 27 93 18 108 43 81 162 85 137 61 162 63 136 
53 95 59 67 82 13 83 35 92 13 108 40 86 160 88 130 61 154 62 129 
53 95 59 67 82 13 83 35 92 13 108 40 86 160 88 130 61 154 62 129 
53 95 59 67 82 13 83 35 92 13 108 40 86 160 88 130 61 154 62 129 
52 96 59 71 83 18 85 37 93 21 110 39 85 161 84 137 58 160 64 129 
52 96 59 71 83 18 85 37 93 21 110 39 85 161 84 137 58 160 64 129 
52 96 59 71 83 18 85 37 93 21 110 39 85 161 84 137 58 160 64 129 
53 95 56 73 83 13 82 34 93 17 109 43 84 160 84 138 57 162 61 141 
53 95 56 73 83 13 82 34 93 17 109 43 84 160 84 138 57 162 61 141 
53 95 56 73 83 13 82 34 93 17 109 43 84 160 84 138 57 162 61 141 
54 95 60 71 81 12 82 31 98 21 110 53 84 163 85 138 58 162 62 139 
54 95 60 71 81 12 82 31 98 21 110 53 84 163 85 138 58 162 62 139 
54 95 60 71 81 12 82 31 98 21 110 53 84 163 85 138 58 162 62 139 
52 99 56 71 85 13 84 34 103 30 103 60 83 161 83 136 61 161 61 136 
52 99 56 71 85 13 84 34 103 30 103 60 83 161 83 136 61 161 61 136 
52 99 56 71 85 13 84 34 103 30 103 60 83 161 83 136 61 161 61 136 
52 98 57 72 82 12 81 32 112 60 99 62 84 162 87 137 62 162 65 139 
52 98 57 72 82 12 81 32 112 60 99 62 84 162 87 137 62 162 65 139 
52 98 57 72 82 12 81 32 112 60 99 62 84 162 87 137 62 162 65 139 
51 100 55 67 83 9 81 36 113 82 105 63 82 163 85 136 59 162 62 130 
51 100 55 67 83 9 81 36 113 82 105 63 82 163 85 136 59 162 62 130 
51 100 55 67 83 9 81 36 113 82 105 63 82 163 85 136 59 162 62 130 
50 99 52 74 77 6 81 28 100 102 99 75 78 162 78 136 55 167 59 140 
50 99 52 74 77 6 81 28 100 102 99 75 78 162 78 136 55 167 59 140 
50 99 52 74 77 6 81 28 100 102 99 75 78 162 78 136 55 167 59 140 
48 100 54 73 73 7 76 36 98 99 100 77 78 164 79 140 55 164 60 138 
48 100 54 73 73 7 76 36 98 99 100 77 78 164 79 140 55 164 60 138 
48 100 54 73 73 7 76 36 98 99 100 77 78 164 79 140 55 164 60 138 
52 98 50 66 76 4 76 31 99 94 97 70 78 159 80 139 59 164 59 138 
52 98 50 66 76 4 76 31 99 94 97 70 78 159 80 139 59 164 59 138 
52 98 50 66 76 4 76 31 99 94 97 70 78 159 80 139 59 164 59 138 
51 98 52 69 78 7 79 32 106 93 99 70 79 164 78 141 58 163 58 140 
51 98 52 69 78 7 79 32 106 93 99 70 79 164 78 141 58 163 58 140 
51 98 52 69 78 7 79 32 106 93 99 70 79 164 78 141 58 163 58 140 
53 102 51 74 78 4 75 27 107 82 96 65 77 168 77 148 55 169 55 147 
53 102 51 74 78 4 75 27 107 82 96 65 77 168 77 148 55 169 55 147 
53 102 51 74 78 4 75 27 107 82 96 65 77 168 77 148 55 169 55 147 
49 97 43 67 76 3 72 31 102 61 96 62 78 163 76 142 56 165 58 139 
49 97 43 67 76 3 72 31 102 61 96 62 78 163 76 142 56 165 58 139 
49 97 43 67 76 3 72 31 102 61 96 62 78 163 76 142 56 165 58 139 
50 95 49 76 78 8 77 28 96 38 104 65 77 168 77 146 53 166 55 142 
50 95 49 76 78 8 77 28 96 38 104 65 77 168 77 146 53 166 55 142 
50 95 49 76 78 8 77 28 96 38 104 65 77 168 77 146 53 166 55 142 
49 99 50 82 76 5 76 28 87 27 107 64 78 162 79 133 52 165 56 141 
49 99 50 82 76 5 76 28 87 27 107 64 78 162 79 133 52 165 56 141 
49 99 50 82 76 5 76 28 87 27 107 64 78 162 79 133 52 165 56 141 
46 93 49 71 78 10 71 34 86 25 100 55 78 161 78 135 53 160 59 135 
46 93 49 71 78 10 71 34 86 25 100 55 78 161 78 135 53 160 59 135 
46 93 49 71 78 10 71 34 86 25 100 55 78 161 78 135 53 160 59 135 
46 98 51 77 77 13 73 29 83 25 102 60 80 165 78 134 57 160 58 134 
46 98 51 77 77 13 73 29 83 25 102 60 80 165 78 134 57 160 58 134 
46 98 51 77 77 13 73 29 83 25 102 60 80 165 78 134 57 160 58 134 
51 98 50 77 75 5 73 27 86 33 100 54 79 158 78 139 58 160 59 138 
51 98 50 77 75 5 73 27 86 33 100 54 79 158 78 139 58 160 59 138 
51 98 50 77 75 5 73 27 86 33 100 54 79 158 78 139 58 160 59 138 
50 98 49 76 74 7 76 30 84 23 99 53 80 155 78 136 56 159 56 137 
50 98 49 76 74 7 76 30 84 23 99 53 80 155 78 136 56 159 56 137 
50 98 49 76 74 7 76 30 84 23 99 53 80 155 78 136 56 159 56 137 
51 99 50 77 75 7 76 29 88 37 102 58 80 159 78 136 57 159 58 134 
51 99 50 77 75 7 76 29 88 37 102 58 80 159 78 136 57 159 58 134 
51 99 50 77 75 7 76 29 88 37 102 58 80 159 78 136 57 159 58 134 
51 97 53 72 76 9 75 35 89 31 99 57 77 162 77 134 58 158 58 133 
51 97 53 72 76 9 75 35 89 31 99 57 77 162 77 134 58 158 58 133 
51 97 53 72 76 9 75 35 89 31 99 57 77 162 77 134 58 158 58 133 
49 101 55 74 77 9 77 37 89 32 99 57 79 163 78 143 54 164 56 137 
49 101 55 74 77 9 77 37 89 32 99 57 79 163 78 143 54 164 56 137 
49 101 55 74 77 9 77 37 89 32 99 57 79 163 78 143 54 164 56 137 
60 82 59 83 77 13 77 32 96 72 96 72 84 165 85 137 61 164 62 143 
60 82 59 83 77 13 77 32 96 72 96 72 84 165 85 137 61 164 62 143 
60 82 59 83 77 13 77 32 96 72 96 72 84 165 85 137 61 164 62 143 
58 74 58 74 77 12 76 30 93 73 93 73 85 163 84 138 62 164 61 138 
58 74 58 74 77 12 76 30 93 73 93 73 85 163 84 138 62 164 61 138 
58 74 58 74 77 12 76 30 93 73 93 73 85 163 84 138 62 164 61 138 
68 76 68 76 76 13 78 37 94 78 94 78 82 164 82 141 60 164 59 139 
68 76 68 76 76 13 78 37 94 78 94 78 82 164 82 141 60 164 59 139 
68 76 68 76 76 13 78 37 94 78 94 78 82 164 82 141 60 164 59 139 
62 77 62 77 75 13 75 36 93 79 93 79 82 164 83 142 58 166 61 144 
62 77 62 77 75 13 75 36 93 79 93 79 82 164 83 142 58 166 61 144 
62 77 62 77 75 13 75 36 93 79 93 79 82 164 83 142 58 166 61 144 
56 80 52 66 76 11 75 29 96 77 99 63 81 167 81 146 57 163 59 137 
56 80 52 66 76 11 75 29 96 77 99 63 81 167 81 146 57 163 59 137 
56 80 52 66 76 11 75 29 96 77 99 63 81 167 81 146 57 163 59 137 
55 80 49 63 76 15 76 34 89 82 103 65 82 166 82 143 56 168 59 141 
55 80 49 63 76 15 76 34 89 82 103 65 82 166 82 143 56 168 59 141 
55 80 49 63 76 15 76 34 89 82 103 65 82 166 82 143 56 168 59 141 
52 84 46 67 76 10 72 31 93 89 102 65 82 165 82 142 60 165 61 140 
52 84 46 67 76 10 72 31 93 89 102 65 82 165 82 142 60 165 61 140 
52 84 46 67 76 10 72 31 93 89 102 65 82 165 82 142 60 165 61 140 
45 83 49 65 76 8 75 32 98 86 104 67 80 167 80 146 58 165 62 139 
45 83 49 65 76 8 75 32 98 86 104 67 80 167 80 146 58 165 62 139 
45 83 49 65 76 8 75 32 98 86 104 67 80 167 80 146 58 165 62 139 
39 88 52 63 78 10 79 33 109 95 107 70 82 167 81 141 57 168 57 143 
39 88 52 63 78 10 79 33 109 95 107 70 82 167 81 141 57 168 57 143 
39 88 52 63 78 10 79 33 109 95 107 70 82 167 81 141 57 168 57 143 
38 89 46 73 75 8 78 31 113 94 106 73 79 161 82 137 61 163 62 138 
38 89 46 73 75 8 78 31 113 94 106 73 79 161 82 137 61 163 62 138 
38 89 46 73 75 8 78 31 113 94 106 73 79 161 82 137 61 163 62 138 
40 97 50 76 75 10 78 31 116 94 105 69 81 162 83 140 59 162 63 137 
40 97 50 76 75 10 78 31 116 94 105 69 81 162 83 140 59 162 63 137 
40 97 50 76 75 10 78 31 116 94 105 69 81 162 83 140 59 162 63 137 
48 97 52 71 77 11 79 29 110 97 107 74 79 164 84 142 62 164 61 141 
48 97 52 71 77 11 79 29 110 97 107 74 79 164 84 142 62 164 61 141 
48 97 52 71 77 11 79 29 110 97 107 74 79 164 84 142 62 164 61 141 
53 96 56 73 76 7 81 26 104 97 104 70 81 159 80 141 62 161 62 138 
53 96 56 73 76 7 81 26 104 97 104 70 81 159 80 141 62 161 62 138 
53 96 56 73 76 7 81 26 104 97 104 70 81 159 80 141 62 161 62 138 
57 85 57 85 77 14 78 35 97 97 97 75 81 167 80 143 57 165 63 140 
57 85 57 85 77 14 78 35 97 97 97 75 81 167 80 143 57 165 63 140 
57 85 57 85 77 14 78 35 97 97 97 75 81 167 80 143 57 165 63 140 
48 102 51 74 74 10 75 28 93 79 93 79 77 168 80 143 59 168 60 146 
48 102 51 74 74 10 75 28 93 79 93 79 77 168 80 143 59 168 60 146 
48 102 51 74 74 10 75 28 93 79 93 79 77 168 80 143 59 168 60 146 
50 103 54 75 75 7 74 31 101 80 101 80 76 170 77 148 57 169 59 148 
50 103 54 75 75 7 74 31 101 80 101 80 76 170 77 148 57 169 59 148 
50 103 54 75 75 7 74 31 101 80 101 80 76 170 77 148 57 169 59 148 
50 101 51 80 73 12 75 28 93 84 93 84 79 163 79 139 59 165 61 140 
50 101 51 80 73 12 75 28 93 84 93 84 79 163 79 139 59 165 61 140 
50 101 51 80 73 12 75 28 93 84 93 84 79 163 79 139 59 165 61 140 
50 103 52 78 74 11 76 30 92 85 92 74 76 167 79 148 57 167 59 146 
50 103 52 78 74 11 76 30 92 85 92 74 76 167 79 148 57 167 59 146 
50 103 52 78 74 11 76 30 92 85 92 74 76 167 79 148 57 167 59 146 
52 98 51 71 73 7 75 34 91 87 87 95 79 167 79 143 57 165 58 144 
52 98 51 71 73 7 75 34 91 87 87 95 79 167 79 143 57 165 58 144 
52 98 51 71 73 7 75 34 91 87 87 95 79 167 79 143 57 165 58 144 
51 99 50 63 74 4 74 33 89 88 87 93 79 160 79 139 59 161 60 136 
51 99 50 63 74 4 74 33 89 88 87 93 79 160 79 139 59 161 60 136 
51 99 50 63 74 4 74 33 89 88 87 93 79 160 79 139 59 161 60 136 
53 95 51 69 73 18 77 37 94 108 94 108 80 164 76 142 57 167 58 146 
53 95 51 69 73 18 77 37 94 108 94 108 80 164 76 142 57 167 58 146 
53 95 51 69 73 18 77 37 94 108 94 108 80 164 76 142 57 167 58 146 
56 88 55 60 77 8 75 31 90 85 99 67 79 165 78 140 54 166 56 148 
56 88 55 60 77 8 75 31 90 85 99 67 79 165 78 140 54 166 56 148 
56 88 55 60 77 8 75 31 90 85 99 67 79 165 78 140 54 166 56 148 
57 73 54 53 74 13 76 31 89 81 93 69 75 170 78 145 58 166 59 147 
57 73 54 53 74 13 76 31 89 81 93 69 75 170 78 145 58 166 59 147 
57 73 54 53 74 13 76 31 89 81 93 69 75 170 78 145 58 166 59 147 
59 53 55 40 74 9 74 31 87 82 93 61 80 170 80 147 57 167 56 149 
59 53 55 40 74 9 74 31 87 82 93 61 80 170 80 147 57 167 56 149 
59 53 55 40 74 9 74 31 87 82 93 61 80 170 80 147 57 167 56 149 
63 47 54 48 74 10 73 26 91 76 95 66 76 167 76 146 55 165 55 146 
63 47 54 48 74 10 73 26 91 76 95 66 76 167 76 146 55 165 55 146 
63 47 54 48 74 10 73 26 91 76 95 66 76 167 76 146 55 165 55 146 
66 36 54 45 76 13 75 27 89 84 95 63 79 163 77 143 56 164 58 143 
66 36 54 45 76 13 75 27 89 84 95 63 79 163 77 143 56 164 58 143 
66 36 54 45 76 13 75 27 89 84 95 63 79 163 77 143 56 164 58 143 
65 34 55 46 76 12 75 26 89 81 95 68 76 164 78 140 56 164 56 145 
65 34 55 46 76 12 75 26 89 81 95 68 76 164 78 140 56 164 56 145 
65 34 55 46 76 12 75 26 89 81 95 68 76 164 78 140 56 164 56 145 
66 31 54 41 76 7 76 19 88 87 96 69 78 168 78 148 57 166 57 147 
66 31 54 41 76 7 76 19 88 87 96 69 78 168 78 148 57 166 57 147 
66 31 54 41 76 7 76 19 88 87 96 69 78 168 78 148 57 166 57 147 
63 31 56 41 74 11 74 23 91 84 98 64 80 163 80 143 57 163 59 145 
63 31 56 41 74 11 74 23 91 84 98 64 80 163 80 143 57 163 59 145 
63 31 56 41 74 11 74 23 91 84 98 64 80 163 80 143 57 163 59 145 
64 33 52 44 73 10 75 20 90 84 101 60 76 164 77 144 55 156 56 142 
64 33 52 44 73 10 75 20 90 84 101 60 76 164 77 144 55 156 56 142 
64 33 52 44 73 10 75 20 90 84 101 60 76 164 77 144 55 156 56 142 
65 29 55 40 71 11 71 25 99 77 103 51 75 163 77 141 56 164 57 142 
65 29 55 40 71 11 71 25 99 77 103 51 75 163 77 141 56 164 57 142 
65 29 55 40 71 11 71 25 99 77 103 51 75 163 77 141 56 164 57 142 
66 30 54 43 73 9 74 23 93 74 104 55 76 162 77 142 57 162 59 143 
66 30 54 43 73 9 74 23 93 74 104 55 76 162 77 142 57 162 59 143 
66 30 54 43 73 9 74 23 93 74 104 55 76 162 77 142 57 162 59 143 
65 31 57 39 76 5 77 18 93 71 102 57 78 164 78 141 56 164 56 141 
65 31 57 39 76 5 77 18 93 71 102 57 78 164 78 141 56 164 56 141 
65 31 57 39 76 5 77 18 93 71 102 57 78 164 78 141 56 164 56 141 
67 30 53 42 73 9 73 20 93 72 102 54 77 164 78 142 58 164 57 143 
67 30 53 42 73 9 73 20 93 72 102 54 77 164 78 142 58 164 57 143 
67 30 53 42 73 9 73 20 93 72 102 54 77 164 78 142 58 164 57 143 
65 31 53 38 71 9 74 22 93 71 107 56 75 168 77 145 56 162 59 141 
65 31 53 38 71 9 74 22 93 71 107 56 75 168 77 145 56 162 59 141 
65 31 53 38 71 9 74 22 93 71 107 56 75 168 77 145 56 162 59 141 
65 41 54 44 72 8 75 23 94 72 104 55 78 163 82 140 56 160 55 144 
65 41 54 44 72 8 75 23 94 72 104 55 78 163 82 140 56 160 55 144 
65 41 54 44 72 8 75 23 94 72 104 55 78 163 82 140 56 160 55 144 
60 54 51 48 75 6 76 24 91 73 100 57 75 162 80 149 58 164 57 144 
60 54 51 48 75 6 76 24 91 73 100 57 75 162 80 149 58 164 57 144 
60 54 51 48 75 6 76 24 91 73 100 57 75 162 80 149 58 164 57 144 
60 79 57 59 72 10 74 29 89 74 101 61 79 160 79 144 54 160 57 142 
60 79 57 59 72 10 74 29 89 74 101 61 79 160 79 144 54 160 57 142 
60 79 57 59 72 10 74 29 89 74 101 61 79 160 79 144 54 160 57 142 
53 96 50 69 74 8 79 27 88 76 103 58 77 162 81 139 59 161 58 137 
53 96 50 69 74 8 79 27 88 76 103 58 77 162 81 139 59 161 58 137 
53 96 50 69 74 8 79 27 88 76 103 58 77 162 81 139 59 161 58 137 
50 102 53 71 77 8 73 36 94 76 103 57 80 164 75 147 57 166 59 150 
50 102 53 71 77 8 73 36 94 76 103 57 80 164 75 147 57 166 59 150 
50 102 53 71 77 8 73 36 94 76 103 57 80 164 75 147 57 166 59 150 
48 107 50 83 74 9 75 28 89 68 105 56 80 161 79 146 58 163 58 148 
48 107 50 83 74 9 75 28 89 68 105 56 80 161 79 146 58 163 58 148 
48 107 50 83 74 9 75 28 89 68 105 56 80 161 79 146 58 163 58 148 
49 100 50 79 76 10 76 28 87 72 103 57 77 158 79 144 56 159 59 141 
49 100 50 79 76 10 76 28 87 72 103 57 77 158 79 144 56 159 59 141 
49 100 50 79 76 10 76 28 87 72 103 57 77 158 79 144 56 159 59 141 
47 100 54 73 75 9 76 29 94 67 103 54 77 153 77 135 55 158 55 142 
47 100 54 73 75 9 76 29 94 67 103 54 77 153 77 135 55 158 55 142 
47 100 54 73 75 9 76 29 94 67 103 54 77 153 77 135 55 158 55 142 
44 102 52 77 74 18 74 35 90 68 105 55 77 159 80 141 58 160 59 140 
44 102 52 77 74 18 74 35 90 68 105 55 77 159 80 141 58 160 59 140 
44 102 52 77 74 18 74 35 90 68 105 55 77 159 80 141 58 160 59 140 
51 97 51 67 77 9 76 29 90 73 101 57 78 161 80 135 58 160 60 138 
51 97 51 67 77 9 76 29 90 73 101 57 78 161 80 135 58 160 60 138 
51 97 51 67 77 9 76 29 90 73 101 57 78 161 80 135 58 160 60 138 
52 98 52 66 75 9 76 29 91 99 94 67 78 165 79 142 57 161 60 140 
52 98 52 66 75 9 76 29 91 99 94 67 78 165 79 142 57 161 60 140 
52 98 52 66 75 9 76 29 91 99 94 67 78 165 79 142 57 161 60 140 
49 91 55 67 74 14 76 34 88 100 95 72 77 167 78 145 59 161 63 136 
49 91 55 67 74 14 76 34 88 100 95 72 77 167 78 145 59 161 63 136 
49 91 55 67 74 14 76 34 88 100 95 72 77 167 78 145 59 161 63 136 
50 95 53 69 74 11 74 31 92 102 96 72 79 160 81 136 58 160 65 137 
50 95 53 69 74 11 74 31 92 102 96 72 79 160 81 136 58 160 65 137 
50 95 53 69 74 11 74 31 92 102 96 72 79 160 81 136 58 160 65 137 
48 99 55 71 73 8 77 30 94 101 94 71 77 163 82 141 60 162 60 141 
48 99 55 71 73 8 77 30 94 101 94 71 77 163 82 141 60 162 60 141 
48 99 55 71 73 8 77 30 94 101 94 71 77 163 82 141 60 162 60 141 
47 98 45 79 70 10 74 36 94 90 97 68 76 166 76 147 54 166 60 148 
47 98 45 79 70 10 74 36 94 90 97 68 76 166 76 147 54 166 60 148 
47 98 45 79 70 10 74 36 94 90 97 68 76 166 76 147 54 166 60 148 
49 101 55 78 73 12 72 33 97 73 94 56 78 164 81 143 57 164 59 146 
49 101 55 78 73 12 72 33 97 73 94 56 78 164 81 143 57 164 59 146 
49 101 55 78 73 12 72 33 97 73 94 56 78 164 81 143 57 164 59 146 
51 100 50 76 71 11 71 29 99 51 91 46 78 168 83 140 59 164 60 145 
51 100 50 76 71 11 71 29 99 51 91 46 78 168 83 140 59 164 60 145 
51 100 50 76 71 11 71 29 99 51 91 46 78 168 83 140 59 164 60 145 
50 97 54 72 75 11 74 27 97 29 94 40 81 167 80 145 60 167 59 143 
50 97 54 72 75 11 74 27 97 29 94 40 81 167 80 145 60 167 59 143 
50 97 54 72 75 11 74 27 97 29 94 40 81 167 80 145 60 167 59 143 
50 102 53 74 75 9 78 29 96 15 94 31 78 164 78 144 60 165 61 142 
50 102 53 74 75 9 78 29 96 15 94 31 78 164 78 144 60 165 61 142 
50 102 53 74 75 9 78 29 96 15 94 31 78 164 78 144 60 165 61 142 
48 94 56 73 72 10 75 28 94 10 92 30 80 165 80 137 60 161 61 135 
48 94 56 73 72 10 75 28 94 10 92 30 80 165 80 137 60 161 61 135 
48 94 56 73 72 10 75 28 94 10 92 30 80 165 80 137 60 161 61 135 
52 96 54 63 75 9 77 27 95 7 94 32 79 161 84 132 58 164 58 136 
52 96 54 63 75 9 77 27 95 7 94 32 79 161 84 132 58 164 58 136 
52 96 54 63 75 9 77 27 95 7 94 32 79 161 84 132 58 164 58 136 
52 99 50 72 73 7 70 27 97 12 93 36 80 164 80 143 59 163 62 140 
52 99 50 72 73 7 70 27 97 12 93 36 80 164 80 143 59 163 62 140 
52 99 50 72 73 7 70 27 97 12 93 36 80 164 80 143 59 163 62 140 
50 97 55 74 74 9 73 30 93 14 93 32 82 161 82 143 61 162 60 142 
50 97 55 74 74 9 73 30 93 14 93 32 82 161 82 143 61 162 60 142 
50 97 55 74 74 9 73 30 93 14 93 32 82 161 82 143 61 162 60 142 
49 101 52 76 73 8 74 28 97 23 95 37 81 160 79 137 59 158 61 137 
49 101 52 76 73 8 74 28 97 23 95 37 81 160 79 137 59 158 61 137 
49 101 52 76 73 8 74 28 97 23 95 37 81 160 79 137 59 158 61 137 
48 94 51 71 74 8 73 26 97 30 94 40 80 169 80 139 59 157 64 132 
48 94 51 71 74 8 73 26 97 30 94 40 80 169 80 139 59 157 64 132 
48 94 51 71 74 8 73 26 97 30 94 40 80 169 80 139 59 157 64 132 
50 98 52 73 75 8 77 28 102 43 93 46 78 168 81 142 60 164 64 133 
50 98 52 73 75 8 77 28 102 43 93 46 78 168 81 142 60 164 64 133 
50 98 52 73 75 8 77 28 102 43 93 46 78 168 81 142 60 164 64 133 
51 98 54 73 75 10 75 30 98 60 94 48 78 164 78 144 61 163 59 141 
51 98 54 73 75 10 75 30 98 60 94 48 78 164 78 144 61 163 59 141 
51 98 54 73 75 10 75 30 98 60 94 48 78 164 78 144 61 163 59 141 
51 95 51 65 74 9 72 29 96 77 94 61 78 160 76 136 55 160 58 140 
51 95 51 65 74 9 72 29 96 77 94 61 78 160 76 136 55 160 58 140 
51 95 51 65 74 9 72 29 96 77 94 61 78 160 76 136 55 160 58 140 
50 96 56 68 74 13 75 30 96 87 91 68 79 165 78 143 57 161 59 144 
50 96 56 68 74 13 75 30 96 87 91 68 79 165 78 143 57 161 59 144 
50 96 56 68 74 13 75 30 96 87 91 68 79 165 78 143 57 161 59 144 
50 98 50 74 75 7 75 28 95 95 96 72 78 163 78 142 56 161 58 138 
50 98 50 74 75 7 75 28 95 95 96 72 78 163 78 142 56 161 58 138 
50 98 50 74 75 7 75 28 95 95 96 72 78 163 78 142 56 161 58 138 
48 94 50 71 73 10 77 28 93 102 91 76 78 161 77 140 59 160 62 139 
48 94 50 71 73 10 77 28 93 102 91 76 78 161 77 140 59 160 62 139 
48 94 50 71 73 10 77 28 93 102 91 76 78 161 77 140 59 160 62 139 
54 74 54 74 77 12 80 30 101 67 100 67 84 163 83 152 60 162 60 146 
54 74 54 74 77 12 80 30 101 67 100 67 84 163 83 152 60 162 60 146 
54 74 54 74 77 12 80 30 101 67 100 67 84 163 83 152 60 162 60 146 
70 66 70 66 79 11 78 28 95 80 100 65 81 165 84 149 56 164 59 146 
70 66 70 66 79 11 78 28 95 80 100 65 81 165 84 149 56 164 59 146 
70 66 70 66 79 11 78 28 95 80 100 65 81 165 84 149 56 164 59 146 
58 71 58 71 77 9 80 29 94 83 101 68 87 161 87 142 59 162 62 143 
58 71 58 71 77 9 80 29 94 83 101 68 87 161 87 142 59 162 62 143 
58 71 58 71 77 9 80 29 94 83 101 68 87 161 87 142 59 162 62 143 
57 94 57 94 80 6 81 37 89 77 89 77 84 159 84 141 59 159 60 142 
57 94 57 94 80 6 81 37 89 77 89 77 84 159 84 141 59 159 60 142 
57 94 57 94 80 6 81 37 89 77 89 77 84 159 84 141 59 159 60 142 
57 71 57 71 79 9 79 34 96 79 102 65 84 160 83 143 61 158 62 140 
57 71 57 71 79 9 79 34 96 79 102 65 84 160 83 143 61 158 62 140 
57 71 57 71 79 9 79 34 96 79 102 65 84 160 83 143 61 158 62 140 
59 79 51 59 78 8 79 30 95 80 108 59 83 161 84 141 60 160 61 144 
59 79 51 59 78 8 79 30 95 80 108 59 83 161 84 141 60 160 61 144 
59 79 51 59 78 8 79 30 95 80 108 59 83 161 84 141 60 160 61 144 
55 84 52 60 78 10 79 28 94 84 109 60 83 160 83 143 60 160 59 139 
55 84 52 60 78 10 79 28 94 84 109 60 83 160 83 143 60 160 59 139 
55 84 52 60 78 10 79 28 94 84 109 60 83 160 83 143 60 160 59 139 
49 81 46 62 77 8 78 25 100 85 111 61 85 163 85 141 62 158 63 141 
49 81 46 62 77 8 78 25 100 85 111 61 85 163 85 141 62 158 63 141 
49 81 46 62 77 8 78 25 100 85 111 61 85 163 85 141 62 158 63 141 
48 80 44 61 79 9 84 23 100 79 112 52 82 161 84 143 60 160 59 144 
48 80 44 61 79 9 84 23 100 79 112 52 82 161 84 143 60 160 59 144 
48 80 44 61 79 9 84 23 100 79 112 52 82 161 84 143 60 160 59 144 
55 75 51 56 79 8 79 29 100 75 115 52 84 165 85 146 62 163 61 147 
55 75 51 56 79 8 79 29 100 75 115 52 84 165 85 146 62 163 61 147 
55 75 51 56 79 8 79 29 100 75 115 52 84 165 85 146 62 163 61 147 
58 66 48 52 76 11 79 27 95 75 113 51 82 164 85 141 60 162 59 144 
58 66 48 52 76 11 79 27 95 75 113 51 82 164 85 141 60 162 59 144 
58 66 48 52 76 11 79 27 95 75 113 51 82 164 85 141 60 162 59 144 
60 67 52 50 77 9 78 30 96 71 113 52 83 166 83 143 60 163 63 144 
60 67 52 50 77 9 78 30 96 71 113 52 83 166 83 143 60 163 63 144 
60 67 52 50 77 9 78 30 96 71 113 52 83 166 83 143 60 163 63 144 
60 69 52 54 77 8 78 29 96 74 110 54 85 164 85 145 62 160 65 141 
60 69 52 54 77 8 78 29 96 74 110 54 85 164 85 145 62 160 65 141 
60 69 52 54 77 8 78 29 96 74 110 54 85 164 85 145 62 160 65 141 
64 72 54 58 77 12 79 31 98 71 114 49 85 166 87 146 62 164 62 146 
64 72 54 58 77 12 79 31 98 71 114 49 85 166 87 146 62 164 62 146 
64 72 54 58 77 12 79 31 98 71 114 49 85 166 87 146 62 164 62 146 
64 74 49 49 79 8 80 30 91 73 112 52 81 167 84 150 59 167 63 144 
64 74 49 49 79 8 80 30 91 73 112 52 81 167 84 150 59 167 63 144 
64 74 49 49 79 8 80 30 91 73 112 52 81 167 84 150 59 167 63 144 
64 71 48 52 80 10 80 30 92 75 117 53 85 163 86 141 62 162 62 141 
64 71 48 52 80 10 80 30 92 75 117 53 85 163 86 141 62 162 62 141 
64 71 48 52 80 10 80 30 92 75 117 53 85 163 86 141 62 162 62 141 
